{
 "cells": [
  {
   "cell_type": "markdown",
   "id": "8c2090a6",
   "metadata": {},
   "source": [
    "# Data cleaning through interpolation #"
   ]
  },
  {
   "cell_type": "markdown",
   "id": "fc2dc093",
   "metadata": {},
   "source": [
    "Created this notebook since I had errors in running interpolation.py, and doing it in notebook form allows for better readability (personal preference."
   ]
  },
  {
   "cell_type": "code",
   "execution_count": 1,
   "id": "ccc294fb",
   "metadata": {},
   "outputs": [],
   "source": [
    "import pandas as pd\n",
    "from datetime import datetime\n",
    "from xarray import open_mfdataset\n",
    "import numpy as np\n",
    "from scipy.spatial import cKDTree"
   ]
  },
  {
   "cell_type": "code",
   "execution_count": 2,
   "id": "d9befb84",
   "metadata": {},
   "outputs": [],
   "source": [
    "def convert_date_to_day_of_year(date_str):\n",
    "    # Parse the input date string into a datetime object\n",
    "    date_obj = datetime.strptime(date_str, \"%Y-%m-%d\")\n",
    "\n",
    "    # Format the year and the day of the year into the desired format\n",
    "    # %j in strftime gives the day of the year [001,366]\n",
    "    converted_date = date_obj.strftime(\"%Y_%j\")\n",
    "\n",
    "    return converted_date"
   ]
  },
  {
   "cell_type": "code",
   "execution_count": 3,
   "id": "a15884a4",
   "metadata": {},
   "outputs": [],
   "source": [
    "def convert_day_of_year_to_date(year_day_str):\n",
    "    # Parse the input string into a datetime object\n",
    "    # The format '%Y_%j' parses 'year_day of the year'\n",
    "    date_obj = datetime.strptime(year_day_str, \"%Y_%j\")\n",
    "\n",
    "    # Format the datetime object into a standard date string 'YYYY-MM-DD'\n",
    "    standard_date = date_obj.strftime(\"%Y-%m-%d\")\n",
    "\n",
    "    return standard_date"
   ]
  },
  {
   "cell_type": "code",
   "execution_count": 4,
   "id": "31350790",
   "metadata": {},
   "outputs": [],
   "source": [
    "def idw_interpolation(data, lat, lon, n_points=8):\n",
    "    \"\"\"\n",
    "    Interpolates soil moisture for a given latitude and longitude using Inverse Distance Weighting (IDW).\n",
    "\n",
    "    :param data: DataFrame containing the soil moisture data.\n",
    "    :param lat: Latitude for which soil moisture is to be interpolated.\n",
    "    :param lon: Longitude for which soil moisture is to be interpolated.\n",
    "    :param n_points: Number of nearest points to consider for interpolation.\n",
    "    :return: Interpolated soil moisture value.\n",
    "    \"\"\"\n",
    "    # Build a KDTree for efficient nearest neighbor search\n",
    "    tree = cKDTree(data[['Latitude', 'Longitude']])\n",
    "\n",
    "    # Find the indices of the n_points nearest neighbors\n",
    "    distances, indices = tree.query([lat, lon], k=n_points)\n",
    "\n",
    "    # Avoid division by zero in case the exact point is in the dataset\n",
    "    distances[distances == 0] = np.finfo(float).eps\n",
    "\n",
    "    # Calculate weights based on inverse distance\n",
    "    weights = 1 / distances\n",
    "    \n",
    "    if all(idx == 0 for idx in indices):\n",
    "        return np.nan\n",
    "\n",
    "    print(\"Data points used for interpolation:\")\n",
    "    print(data.iloc[indices])\n",
    "    # Calculate weighted average of soil moisture\n",
    "    weighted_moisture = np.sum(weights * data.iloc[indices]['Soil_Moisture']) / np.sum(weights)\n",
    "\n",
    "    return float(weighted_moisture)"
   ]
  },
  {
   "cell_type": "code",
   "execution_count": 5,
   "id": "b2a98e63",
   "metadata": {},
   "outputs": [],
   "source": [
    "def read_netcdf_file(dataset):\n",
    "    latitudes = dataset['latitude'].values\n",
    "    longitudes = dataset['longitude'].values\n",
    "    global_sm = dataset['SM_daily'].values[0]\n",
    "    latitudes_flat = latitudes.flatten()\n",
    "    longitudes_flat = longitudes.flatten()\n",
    "    soil_moisture_flat = global_sm.flatten()\n",
    "\n",
    "    # Create a DataFrame\n",
    "    df = pd.DataFrame({\n",
    "        'Latitude': latitudes_flat,\n",
    "        'Longitude': longitudes_flat,\n",
    "        'Soil_Moisture': soil_moisture_flat\n",
    "    })\n",
    "    df = df.dropna(subset=['Soil_Moisture'])\n",
    "    return df"
   ]
  },
  {
   "cell_type": "code",
   "execution_count": 6,
   "id": "4f60f667",
   "metadata": {},
   "outputs": [
    {
     "name": "stdout",
     "output_type": "stream",
     "text": [
      "./complete_satellite_data/ucar_cu_cygnss_sm_v1_2017_077.dap.nc4\n",
      "Data points used for interpolation:\n",
      "         Latitude  Longitude  Soil_Moisture\n",
      "182152  29.986300 -98.402489       0.228371\n",
      "184558  30.966091 -98.402489       0.207799\n",
      "183757  30.638416 -98.029045       0.182502\n",
      "182153  29.986300 -98.029045       0.263171\n",
      "181349  29.661814 -98.775932       0.267734\n",
      "181350  29.661814 -98.402489       0.278897\n",
      "184559  30.966091 -98.029045       0.206753\n",
      "185359  31.294872 -98.775932       0.154644\n",
      "2017-03-18 0.2243239324397684 Station Number: 0\n",
      "Data points used for interpolation:\n",
      "         Latitude  Longitude  Soil_Moisture\n",
      "182152  29.986300 -98.402489       0.228371\n",
      "184558  30.966091 -98.402489       0.207799\n",
      "181349  29.661814 -98.775932       0.267734\n",
      "183757  30.638416 -98.029045       0.182502\n",
      "181348  29.661814 -99.149376       0.240971\n",
      "181350  29.661814 -98.402489       0.278897\n",
      "185359  31.294872 -98.775932       0.154644\n",
      "182153  29.986300 -98.029045       0.263171\n",
      "2017-03-18 0.22777054582893574 Station Number: 1\n",
      "Data points used for interpolation:\n",
      "         Latitude  Longitude  Soil_Moisture\n",
      "182152  29.986300 -98.402489       0.228371\n",
      "184558  30.966091 -98.402489       0.207799\n",
      "181349  29.661814 -98.775932       0.267734\n",
      "183757  30.638416 -98.029045       0.182502\n",
      "181348  29.661814 -99.149376       0.240971\n",
      "185359  31.294872 -98.775932       0.154644\n",
      "181350  29.661814 -98.402489       0.278897\n",
      "185358  31.294872 -99.149376       0.157272\n",
      "2017-03-18 0.21570629486047482 Station Number: 2\n",
      "Data points used for interpolation:\n",
      "         Latitude  Longitude  Soil_Moisture\n",
      "182152  29.986300 -98.402489       0.228371\n",
      "184558  30.966091 -98.402489       0.207799\n",
      "181349  29.661814 -98.775932       0.267734\n",
      "181348  29.661814 -99.149376       0.240971\n",
      "185359  31.294872 -98.775932       0.154644\n",
      "185358  31.294872 -99.149376       0.157272\n",
      "183757  30.638416 -98.029045       0.182502\n",
      "181350  29.661814 -98.402489       0.278897\n",
      "2017-03-18 0.21484102572021418 Station Number: 3\n",
      "Data points used for interpolation:\n",
      "         Latitude  Longitude  Soil_Moisture\n",
      "182152  29.986300 -98.402489       0.228371\n",
      "181349  29.661814 -98.775932       0.267734\n",
      "181350  29.661814 -98.402489       0.278897\n",
      "182153  29.986300 -98.029045       0.263171\n",
      "181348  29.661814 -99.149376       0.240971\n",
      "184558  30.966091 -98.402489       0.207799\n",
      "183757  30.638416 -98.029045       0.182502\n",
      "181351  29.661814 -98.029045       0.257695\n",
      "2017-03-18 0.24128672099624396 Station Number: 4\n",
      "Data points used for interpolation:\n",
      "         Latitude  Longitude  Soil_Moisture\n",
      "182152  29.986300 -98.402489       0.228371\n",
      "181349  29.661814 -98.775932       0.267734\n",
      "181350  29.661814 -98.402489       0.278897\n",
      "181348  29.661814 -99.149376       0.240971\n",
      "182153  29.986300 -98.029045       0.263171\n",
      "184558  30.966091 -98.402489       0.207799\n",
      "183757  30.638416 -98.029045       0.182502\n",
      "181351  29.661814 -98.029045       0.257695\n",
      "2017-03-18 0.24083614048890356 Station Number: 5\n",
      "./complete_satellite_data/ucar_cu_cygnss_sm_v1_2017_081.dap.nc4\n",
      "Data points used for interpolation:\n",
      "         Latitude  Longitude  Soil_Moisture\n",
      "183755  30.638416 -98.775932       0.146193\n",
      "183756  30.638416 -98.402489       0.170095\n",
      "182151  29.986300 -98.775932       0.208203\n",
      "182952  30.311827 -99.149376       0.191826\n",
      "183754  30.638416 -99.149376       0.132192\n",
      "184557  30.966091 -98.775932       0.127493\n",
      "184558  30.966091 -98.402489       0.168775\n",
      "183757  30.638416 -98.029045       0.200134\n",
      "2017-03-22 0.16735722777061462 Station Number: 0\n",
      "Data points used for interpolation:\n",
      "         Latitude  Longitude  Soil_Moisture\n",
      "183755  30.638416 -98.775932       0.146193\n",
      "182952  30.311827 -99.149376       0.191826\n",
      "183754  30.638416 -99.149376       0.132192\n",
      "182151  29.986300 -98.775932       0.208203\n",
      "183756  30.638416 -98.402489       0.170095\n",
      "184557  30.966091 -98.775932       0.127493\n",
      "182150  29.986300 -99.149376       0.210157\n",
      "184558  30.966091 -98.402489       0.168775\n",
      "2017-03-22 0.16697530863647758 Station Number: 1\n",
      "Data points used for interpolation:\n",
      "         Latitude  Longitude  Soil_Moisture\n",
      "183755  30.638416 -98.775932       0.146193\n",
      "182952  30.311827 -99.149376       0.191826\n",
      "183754  30.638416 -99.149376       0.132192\n",
      "182151  29.986300 -98.775932       0.208203\n",
      "183756  30.638416 -98.402489       0.170095\n",
      "184557  30.966091 -98.775932       0.127493\n",
      "182150  29.986300 -99.149376       0.210157\n",
      "184558  30.966091 -98.402489       0.168775\n",
      "2017-03-22 0.1660394031743439 Station Number: 2\n",
      "Data points used for interpolation:\n",
      "         Latitude  Longitude  Soil_Moisture\n",
      "183755  30.638416 -98.775932       0.146193\n",
      "182952  30.311827 -99.149376       0.191826\n",
      "183754  30.638416 -99.149376       0.132192\n",
      "182151  29.986300 -98.775932       0.208203\n",
      "182150  29.986300 -99.149376       0.210157\n",
      "184557  30.966091 -98.775932       0.127493\n",
      "183756  30.638416 -98.402489       0.170095\n",
      "183753  30.638416 -99.522820       0.139695\n",
      "2017-03-22 0.16395648717776146 Station Number: 3\n",
      "Data points used for interpolation:\n",
      "         Latitude  Longitude  Soil_Moisture\n",
      "182151  29.986300 -98.775932       0.208203\n",
      "183755  30.638416 -98.775932       0.146193\n",
      "182952  30.311827 -99.149376       0.191826\n",
      "183756  30.638416 -98.402489       0.170095\n",
      "182150  29.986300 -99.149376       0.210157\n",
      "181349  29.661814 -98.775932       0.232486\n",
      "183754  30.638416 -99.149376       0.132192\n",
      "181350  29.661814 -98.402489       0.249541\n",
      "2017-03-22 0.19153261952315734 Station Number: 4\n",
      "Data points used for interpolation:\n",
      "         Latitude  Longitude  Soil_Moisture\n",
      "182151  29.986300 -98.775932       0.208203\n",
      "183755  30.638416 -98.775932       0.146193\n",
      "182952  30.311827 -99.149376       0.191826\n",
      "183756  30.638416 -98.402489       0.170095\n",
      "182150  29.986300 -99.149376       0.210157\n",
      "183754  30.638416 -99.149376       0.132192\n",
      "181349  29.661814 -98.775932       0.232486\n",
      "184557  30.966091 -98.775932       0.127493\n",
      "2017-03-22 0.17961297595025982 Station Number: 5\n",
      "./complete_satellite_data/ucar_cu_cygnss_sm_v1_2017_086.dap.nc4\n",
      "Data points used for interpolation:\n",
      "         Latitude  Longitude  Soil_Moisture\n",
      "183755  30.638416 -98.775932       0.152532\n",
      "183756  30.638416 -98.402489       0.176090\n",
      "182952  30.311827 -99.149376       0.197237\n",
      "182955  30.311827 -98.029045       0.206278\n",
      "183754  30.638416 -99.149376       0.127873\n",
      "183757  30.638416 -98.029045       0.202259\n",
      "182153  29.986300 -98.029045       0.251767\n",
      "184559  30.966091 -98.029045       0.206514\n",
      "2017-03-27 0.18311019075437804 Station Number: 0\n",
      "Data points used for interpolation:\n",
      "         Latitude  Longitude  Soil_Moisture\n",
      "183755  30.638416 -98.775932       0.152532\n",
      "182952  30.311827 -99.149376       0.197237\n",
      "183754  30.638416 -99.149376       0.127873\n",
      "183756  30.638416 -98.402489       0.176090\n",
      "183753  30.638416 -99.522820       0.149433\n",
      "182955  30.311827 -98.029045       0.206278\n",
      "183757  30.638416 -98.029045       0.202259\n",
      "182153  29.986300 -98.029045       0.251767\n",
      "2017-03-27 0.1734064709683608 Station Number: 1\n",
      "Data points used for interpolation:\n",
      "         Latitude  Longitude  Soil_Moisture\n",
      "183755  30.638416 -98.775932       0.152532\n",
      "182952  30.311827 -99.149376       0.197237\n",
      "183754  30.638416 -99.149376       0.127873\n",
      "183756  30.638416 -98.402489       0.176090\n",
      "183753  30.638416 -99.522820       0.149433\n",
      "182955  30.311827 -98.029045       0.206278\n",
      "183757  30.638416 -98.029045       0.202259\n",
      "184555  30.966091 -99.522820       0.148339\n",
      "2017-03-27 0.16561710894410334 Station Number: 2\n",
      "Data points used for interpolation:\n",
      "         Latitude  Longitude  Soil_Moisture\n",
      "183755  30.638416 -98.775932       0.152532\n",
      "182952  30.311827 -99.149376       0.197237\n",
      "183754  30.638416 -99.149376       0.127873\n",
      "183756  30.638416 -98.402489       0.176090\n",
      "183753  30.638416 -99.522820       0.149433\n",
      "184555  30.966091 -99.522820       0.148339\n",
      "182955  30.311827 -98.029045       0.206278\n",
      "183757  30.638416 -98.029045       0.202259\n",
      "2017-03-27 0.1648155422232201 Station Number: 3\n",
      "Data points used for interpolation:\n",
      "         Latitude  Longitude  Soil_Moisture\n",
      "183755  30.638416 -98.775932       0.152532\n",
      "182952  30.311827 -99.149376       0.197237\n",
      "183756  30.638416 -98.402489       0.176090\n",
      "183754  30.638416 -99.149376       0.127873\n",
      "182955  30.311827 -98.029045       0.206278\n",
      "182153  29.986300 -98.029045       0.251767\n",
      "183757  30.638416 -98.029045       0.202259\n",
      "183753  30.638416 -99.522820       0.149433\n",
      "2017-03-27 0.18045147553224639 Station Number: 4\n",
      "Data points used for interpolation:\n",
      "         Latitude  Longitude  Soil_Moisture\n",
      "183755  30.638416 -98.775932       0.152532\n",
      "182952  30.311827 -99.149376       0.197237\n",
      "183756  30.638416 -98.402489       0.176090\n",
      "183754  30.638416 -99.149376       0.127873\n",
      "182955  30.311827 -98.029045       0.206278\n",
      "182153  29.986300 -98.029045       0.251767\n",
      "183757  30.638416 -98.029045       0.202259\n",
      "183753  30.638416 -99.522820       0.149433\n",
      "2017-03-27 0.17933726980988077 Station Number: 5\n",
      "./complete_satellite_data/ucar_cu_cygnss_sm_v1_2017_087.dap.nc4\n",
      "Data points used for interpolation:\n",
      "        Latitude  Longitude  Soil_Moisture\n",
      "182154  29.98630 -97.655602       0.198155\n",
      "180548  29.33835 -98.402489       0.181936\n",
      "180546  29.33835 -99.149376       0.160273\n",
      "180549  29.33835 -98.029045       0.158515\n",
      "182155  29.98630 -97.282158       0.189072\n",
      "179745  29.01589 -98.775932       0.115641\n",
      "179746  29.01589 -98.402489       0.146724\n",
      "180545  29.33835 -99.522820       0.178743\n",
      "2017-03-28 0.16762156412691898 Station Number: 0\n",
      "Data points used for interpolation:\n",
      "         Latitude  Longitude  Soil_Moisture\n",
      "180546  29.338350 -99.149376       0.160273\n",
      "180548  29.338350 -98.402489       0.181936\n",
      "182154  29.986300 -97.655602       0.198155\n",
      "180545  29.338350 -99.522820       0.178743\n",
      "181346  29.661814 -99.896263       0.212126\n",
      "180549  29.338350 -98.029045       0.158515\n",
      "179745  29.015890 -98.775932       0.115641\n",
      "179744  29.015890 -99.149376       0.149297\n",
      "2017-03-28 0.17023409030144349 Station Number: 1\n",
      "Data points used for interpolation:\n",
      "         Latitude  Longitude  Soil_Moisture\n",
      "180546  29.338350 -99.149376       0.160273\n",
      "180548  29.338350 -98.402489       0.181936\n",
      "182154  29.986300 -97.655602       0.198155\n",
      "180545  29.338350 -99.522820       0.178743\n",
      "181346  29.661814 -99.896263       0.212126\n",
      "180549  29.338350 -98.029045       0.158515\n",
      "179745  29.015890 -98.775932       0.115641\n",
      "179744  29.015890 -99.149376       0.149297\n",
      "2017-03-28 0.1703136569781816 Station Number: 2\n",
      "Data points used for interpolation:\n",
      "         Latitude  Longitude  Soil_Moisture\n",
      "180546  29.338350 -99.149376       0.160273\n",
      "180548  29.338350 -98.402489       0.181936\n",
      "181346  29.661814 -99.896263       0.212126\n",
      "180545  29.338350 -99.522820       0.178743\n",
      "182154  29.986300 -97.655602       0.198155\n",
      "180549  29.338350 -98.029045       0.158515\n",
      "179745  29.015890 -98.775932       0.115641\n",
      "179744  29.015890 -99.149376       0.149297\n",
      "2017-03-28 0.17046829918124853 Station Number: 3\n",
      "Data points used for interpolation:\n",
      "        Latitude  Longitude  Soil_Moisture\n",
      "180548  29.33835 -98.402489       0.181936\n",
      "180546  29.33835 -99.149376       0.160273\n",
      "182154  29.98630 -97.655602       0.198155\n",
      "180549  29.33835 -98.029045       0.158515\n",
      "180545  29.33835 -99.522820       0.178743\n",
      "179745  29.01589 -98.775932       0.115641\n",
      "179746  29.01589 -98.402489       0.146724\n",
      "179744  29.01589 -99.149376       0.149297\n",
      "2017-03-28 0.16253548326144626 Station Number: 4\n",
      "Data points used for interpolation:\n",
      "         Latitude  Longitude  Soil_Moisture\n",
      "180548  29.338350 -98.402489       0.181936\n",
      "180546  29.338350 -99.149376       0.160273\n",
      "182154  29.986300 -97.655602       0.198155\n",
      "180549  29.338350 -98.029045       0.158515\n",
      "180545  29.338350 -99.522820       0.178743\n",
      "179745  29.015890 -98.775932       0.115641\n",
      "179746  29.015890 -98.402489       0.146724\n",
      "181346  29.661814 -99.896263       0.212126\n",
      "2017-03-28 0.16943385607265793 Station Number: 5\n",
      "./complete_satellite_data/ucar_cu_cygnss_sm_v1_2017_088.dap.nc4\n",
      "Data points used for interpolation:\n",
      "         Latitude  Longitude  Soil_Moisture\n",
      "181349  29.661814 -98.775932       0.279230\n",
      "181350  29.661814 -98.402489       0.314541\n",
      "181348  29.661814 -99.149376       0.280141\n",
      "181351  29.661814 -98.029045       0.293176\n",
      "180546  29.338350 -99.149376       0.253887\n",
      "181352  29.661814 -97.655602       0.204589\n",
      "180545  29.338350 -99.522820       0.247914\n",
      "181353  29.661814 -97.282158       0.191479\n",
      "2017-03-29 0.2662876090142333 Station Number: 0\n",
      "Data points used for interpolation:\n",
      "         Latitude  Longitude  Soil_Moisture\n",
      "181349  29.661814 -98.775932       0.279230\n",
      "181348  29.661814 -99.149376       0.280141\n",
      "181350  29.661814 -98.402489       0.314541\n",
      "181351  29.661814 -98.029045       0.293176\n",
      "180546  29.338350 -99.149376       0.253887\n",
      "180545  29.338350 -99.522820       0.247914\n",
      "181352  29.661814 -97.655602       0.204589\n",
      "180544  29.338350 -99.896263       0.215065\n",
      "2017-03-29 0.26779660535226146 Station Number: 1\n",
      "Data points used for interpolation:\n",
      "         Latitude  Longitude  Soil_Moisture\n",
      "181349  29.661814 -98.775932       0.279230\n",
      "181348  29.661814 -99.149376       0.280141\n",
      "181350  29.661814 -98.402489       0.314541\n",
      "181351  29.661814 -98.029045       0.293176\n",
      "180546  29.338350 -99.149376       0.253887\n",
      "180545  29.338350 -99.522820       0.247914\n",
      "181352  29.661814 -97.655602       0.204589\n",
      "180544  29.338350 -99.896263       0.215065\n",
      "2017-03-29 0.2674597320483951 Station Number: 2\n",
      "Data points used for interpolation:\n",
      "         Latitude  Longitude  Soil_Moisture\n",
      "181349  29.661814 -98.775932       0.279230\n",
      "181348  29.661814 -99.149376       0.280141\n",
      "181350  29.661814 -98.402489       0.314541\n",
      "180546  29.338350 -99.149376       0.253887\n",
      "181351  29.661814 -98.029045       0.293176\n",
      "180545  29.338350 -99.522820       0.247914\n",
      "180544  29.338350 -99.896263       0.215065\n",
      "181352  29.661814 -97.655602       0.204589\n",
      "2017-03-29 0.2668389198118276 Station Number: 3\n",
      "Data points used for interpolation:\n",
      "         Latitude  Longitude  Soil_Moisture\n",
      "181349  29.661814 -98.775932       0.279230\n",
      "181350  29.661814 -98.402489       0.314541\n",
      "181348  29.661814 -99.149376       0.280141\n",
      "181351  29.661814 -98.029045       0.293176\n",
      "180546  29.338350 -99.149376       0.253887\n",
      "181352  29.661814 -97.655602       0.204589\n",
      "180545  29.338350 -99.522820       0.247914\n",
      "180544  29.338350 -99.896263       0.215065\n",
      "2017-03-29 0.26977708395877525 Station Number: 4\n",
      "Data points used for interpolation:\n",
      "         Latitude  Longitude  Soil_Moisture\n",
      "181349  29.661814 -98.775932       0.279230\n",
      "181350  29.661814 -98.402489       0.314541\n",
      "181348  29.661814 -99.149376       0.280141\n",
      "181351  29.661814 -98.029045       0.293176\n",
      "180546  29.338350 -99.149376       0.253887\n",
      "180545  29.338350 -99.522820       0.247914\n",
      "181352  29.661814 -97.655602       0.204589\n",
      "180544  29.338350 -99.896263       0.215065\n",
      "2017-03-29 0.2693754755993592 Station Number: 5\n",
      "./complete_satellite_data/ucar_cu_cygnss_sm_v1_2017_089.dap.nc4\n",
      "Data points used for interpolation:\n",
      "         Latitude  Longitude  Soil_Moisture\n",
      "183755  30.638416 -98.775932       0.149499\n",
      "183756  30.638416 -98.402489       0.187199\n",
      "183754  30.638416 -99.149376       0.170931\n",
      "184557  30.966091 -98.775932       0.165303\n",
      "184558  30.966091 -98.402489       0.265416\n",
      "183757  30.638416 -98.029045       0.235561\n",
      "181349  29.661814 -98.775932       0.280124\n",
      "181350  29.661814 -98.402489       0.261940\n",
      "2017-03-30 0.20188693555558032 Station Number: 0\n",
      "Data points used for interpolation:\n",
      "         Latitude  Longitude  Soil_Moisture\n",
      "183755  30.638416 -98.775932       0.149499\n",
      "183754  30.638416 -99.149376       0.170931\n",
      "183756  30.638416 -98.402489       0.187199\n",
      "184557  30.966091 -98.775932       0.165303\n",
      "184556  30.966091 -99.149376       0.191267\n",
      "184558  30.966091 -98.402489       0.265416\n",
      "182951  30.311827 -99.522820       0.246567\n",
      "183753  30.638416 -99.522820       0.202131\n",
      "2017-03-30 0.18556868347341104 Station Number: 1\n",
      "Data points used for interpolation:\n",
      "         Latitude  Longitude  Soil_Moisture\n",
      "183755  30.638416 -98.775932       0.149499\n",
      "183754  30.638416 -99.149376       0.170931\n",
      "183756  30.638416 -98.402489       0.187199\n",
      "184557  30.966091 -98.775932       0.165303\n",
      "184556  30.966091 -99.149376       0.191267\n",
      "184558  30.966091 -98.402489       0.265416\n",
      "182951  30.311827 -99.522820       0.246567\n",
      "183753  30.638416 -99.522820       0.202131\n",
      "2017-03-30 0.18490650836779945 Station Number: 2\n"
     ]
    },
    {
     "name": "stdout",
     "output_type": "stream",
     "text": [
      "Data points used for interpolation:\n",
      "         Latitude  Longitude  Soil_Moisture\n",
      "183755  30.638416 -98.775932       0.149499\n",
      "183754  30.638416 -99.149376       0.170931\n",
      "184557  30.966091 -98.775932       0.165303\n",
      "184556  30.966091 -99.149376       0.191267\n",
      "183756  30.638416 -98.402489       0.187199\n",
      "182951  30.311827 -99.522820       0.246567\n",
      "183753  30.638416 -99.522820       0.202131\n",
      "184558  30.966091 -98.402489       0.265416\n",
      "2017-03-30 0.18613888313721216 Station Number: 3\n",
      "Data points used for interpolation:\n",
      "         Latitude  Longitude  Soil_Moisture\n",
      "183755  30.638416 -98.775932       0.149499\n",
      "183756  30.638416 -98.402489       0.187199\n",
      "181349  29.661814 -98.775932       0.280124\n",
      "183754  30.638416 -99.149376       0.170931\n",
      "181350  29.661814 -98.402489       0.261940\n",
      "184557  30.966091 -98.775932       0.165303\n",
      "184558  30.966091 -98.402489       0.265416\n",
      "183757  30.638416 -98.029045       0.235561\n",
      "2017-03-30 0.20825376134559756 Station Number: 4\n",
      "Data points used for interpolation:\n",
      "         Latitude  Longitude  Soil_Moisture\n",
      "183755  30.638416 -98.775932       0.149499\n",
      "183756  30.638416 -98.402489       0.187199\n",
      "183754  30.638416 -99.149376       0.170931\n",
      "181349  29.661814 -98.775932       0.280124\n",
      "184557  30.966091 -98.775932       0.165303\n",
      "181350  29.661814 -98.402489       0.261940\n",
      "184558  30.966091 -98.402489       0.265416\n",
      "183757  30.638416 -98.029045       0.235561\n",
      "2017-03-30 0.20615606026015182 Station Number: 5\n",
      "./complete_satellite_data/ucar_cu_cygnss_sm_v1_2017_092.dap.nc4\n",
      "Data points used for interpolation:\n",
      "         Latitude  Longitude  Soil_Moisture\n",
      "182954  30.311827 -98.402489       0.185135\n",
      "182955  30.311827 -98.029045       0.193360\n",
      "183754  30.638416 -99.149376       0.179790\n",
      "184557  30.966091 -98.775932       0.187371\n",
      "184558  30.966091 -98.402489       0.218341\n",
      "183757  30.638416 -98.029045       0.230556\n",
      "182153  29.986300 -98.029045       0.234452\n",
      "181349  29.661814 -98.775932       0.206861\n",
      "2017-04-02 0.2002254160022965 Station Number: 0\n",
      "Data points used for interpolation:\n",
      "         Latitude  Longitude  Soil_Moisture\n",
      "183754  30.638416 -99.149376       0.179790\n",
      "182954  30.311827 -98.402489       0.185135\n",
      "184557  30.966091 -98.775932       0.187371\n",
      "184556  30.966091 -99.149376       0.163800\n",
      "184558  30.966091 -98.402489       0.218341\n",
      "183753  30.638416 -99.522820       0.229978\n",
      "181349  29.661814 -98.775932       0.206861\n",
      "182955  30.311827 -98.029045       0.193360\n",
      "2017-04-02 0.19290017050619923 Station Number: 1\n",
      "Data points used for interpolation:\n",
      "         Latitude  Longitude  Soil_Moisture\n",
      "183754  30.638416 -99.149376       0.179790\n",
      "182954  30.311827 -98.402489       0.185135\n",
      "184557  30.966091 -98.775932       0.187371\n",
      "184556  30.966091 -99.149376       0.163800\n",
      "184558  30.966091 -98.402489       0.218341\n",
      "183753  30.638416 -99.522820       0.229978\n",
      "181349  29.661814 -98.775932       0.206861\n",
      "182955  30.311827 -98.029045       0.193360\n",
      "2017-04-02 0.192655795935128 Station Number: 2\n",
      "Data points used for interpolation:\n",
      "         Latitude  Longitude  Soil_Moisture\n",
      "183754  30.638416 -99.149376       0.179790\n",
      "184557  30.966091 -98.775932       0.187371\n",
      "184556  30.966091 -99.149376       0.163800\n",
      "182954  30.311827 -98.402489       0.185135\n",
      "183753  30.638416 -99.522820       0.229978\n",
      "184558  30.966091 -98.402489       0.218341\n",
      "184555  30.966091 -99.522820       0.217210\n",
      "181349  29.661814 -98.775932       0.206861\n",
      "2017-04-02 0.19418064994078463 Station Number: 3\n",
      "Data points used for interpolation:\n",
      "         Latitude  Longitude  Soil_Moisture\n",
      "182954  30.311827 -98.402489       0.185135\n",
      "181349  29.661814 -98.775932       0.206861\n",
      "183754  30.638416 -99.149376       0.179790\n",
      "181350  29.661814 -98.402489       0.218806\n",
      "182955  30.311827 -98.029045       0.193360\n",
      "184557  30.966091 -98.775932       0.187371\n",
      "182153  29.986300 -98.029045       0.234452\n",
      "181348  29.661814 -99.149376       0.202969\n",
      "2017-04-02 0.19873808593457368 Station Number: 4\n",
      "Data points used for interpolation:\n",
      "         Latitude  Longitude  Soil_Moisture\n",
      "182954  30.311827 -98.402489       0.185135\n",
      "183754  30.638416 -99.149376       0.179790\n",
      "181349  29.661814 -98.775932       0.206861\n",
      "184557  30.966091 -98.775932       0.187371\n",
      "181350  29.661814 -98.402489       0.218806\n",
      "182955  30.311827 -98.029045       0.193360\n",
      "181348  29.661814 -99.149376       0.202969\n",
      "182153  29.986300 -98.029045       0.234452\n",
      "2017-04-02 0.19837860820833159 Station Number: 5\n",
      "./complete_satellite_data/ucar_cu_cygnss_sm_v1_2017_093.dap.nc4\n",
      "Data points used for interpolation:\n",
      "         Latitude  Longitude  Soil_Moisture\n",
      "182954  30.311827 -98.402489       0.218927\n",
      "183755  30.638416 -98.775932       0.195907\n",
      "182151  29.986300 -98.775932       0.239809\n",
      "182152  29.986300 -98.402489       0.251119\n",
      "182955  30.311827 -98.029045       0.249651\n",
      "183754  30.638416 -99.149376       0.165008\n",
      "182150  29.986300 -99.149376       0.232094\n",
      "181350  29.661814 -98.402489       0.259647\n",
      "2017-04-03 0.22277089235708616 Station Number: 0\n",
      "Data points used for interpolation:\n",
      "         Latitude  Longitude  Soil_Moisture\n",
      "183755  30.638416 -98.775932       0.195907\n",
      "183754  30.638416 -99.149376       0.165008\n",
      "182954  30.311827 -98.402489       0.218927\n",
      "182151  29.986300 -98.775932       0.239809\n",
      "182150  29.986300 -99.149376       0.232094\n",
      "182152  29.986300 -98.402489       0.251119\n",
      "183753  30.638416 -99.522820       0.195325\n",
      "182955  30.311827 -98.029045       0.249651\n",
      "2017-04-03 0.21319490086036827 Station Number: 1\n",
      "Data points used for interpolation:\n",
      "         Latitude  Longitude  Soil_Moisture\n",
      "183755  30.638416 -98.775932       0.195907\n",
      "183754  30.638416 -99.149376       0.165008\n",
      "182954  30.311827 -98.402489       0.218927\n",
      "182151  29.986300 -98.775932       0.239809\n",
      "182150  29.986300 -99.149376       0.232094\n",
      "182152  29.986300 -98.402489       0.251119\n",
      "183753  30.638416 -99.522820       0.195325\n",
      "182149  29.986300 -99.522820       0.234264\n",
      "2017-04-03 0.2103700035496653 Station Number: 2\n",
      "Data points used for interpolation:\n",
      "         Latitude  Longitude  Soil_Moisture\n",
      "183755  30.638416 -98.775932       0.195907\n",
      "183754  30.638416 -99.149376       0.165008\n",
      "182151  29.986300 -98.775932       0.239809\n",
      "182150  29.986300 -99.149376       0.232094\n",
      "182954  30.311827 -98.402489       0.218927\n",
      "183753  30.638416 -99.522820       0.195325\n",
      "182152  29.986300 -98.402489       0.251119\n",
      "182149  29.986300 -99.522820       0.234264\n",
      "2017-04-03 0.20785853178924252 Station Number: 3\n",
      "Data points used for interpolation:\n",
      "         Latitude  Longitude  Soil_Moisture\n",
      "182151  29.986300 -98.775932       0.239809\n",
      "182954  30.311827 -98.402489       0.218927\n",
      "182152  29.986300 -98.402489       0.251119\n",
      "183755  30.638416 -98.775932       0.195907\n",
      "182150  29.986300 -99.149376       0.232094\n",
      "183754  30.638416 -99.149376       0.165008\n",
      "181350  29.661814 -98.402489       0.259647\n",
      "182955  30.311827 -98.029045       0.249651\n",
      "2017-04-03 0.22659832815930842 Station Number: 4\n",
      "Data points used for interpolation:\n",
      "         Latitude  Longitude  Soil_Moisture\n",
      "182151  29.986300 -98.775932       0.239809\n",
      "182954  30.311827 -98.402489       0.218927\n",
      "183755  30.638416 -98.775932       0.195907\n",
      "182152  29.986300 -98.402489       0.251119\n",
      "182150  29.986300 -99.149376       0.232094\n",
      "183754  30.638416 -99.149376       0.165008\n",
      "181350  29.661814 -98.402489       0.259647\n",
      "182955  30.311827 -98.029045       0.249651\n",
      "2017-04-03 0.22523979508171132 Station Number: 5\n",
      "./complete_satellite_data/ucar_cu_cygnss_sm_v1_2017_095.dap.nc4\n",
      "Data points used for interpolation:\n",
      "         Latitude  Longitude  Soil_Moisture\n",
      "183755  30.638416 -98.775932       0.168130\n",
      "183756  30.638416 -98.402489       0.188973\n",
      "183754  30.638416 -99.149376       0.142225\n",
      "183757  30.638416 -98.029045       0.223488\n",
      "181349  29.661814 -98.775932       0.268147\n",
      "181350  29.661814 -98.402489       0.263066\n",
      "185359  31.294872 -98.775932       0.183183\n",
      "181348  29.661814 -99.149376       0.231031\n",
      "2017-04-05 0.1988579954326787 Station Number: 0\n",
      "Data points used for interpolation:\n",
      "         Latitude  Longitude  Soil_Moisture\n",
      "183755  30.638416 -98.775932       0.168130\n",
      "183754  30.638416 -99.149376       0.142225\n",
      "183756  30.638416 -98.402489       0.188973\n",
      "183753  30.638416 -99.522820       0.171882\n",
      "181349  29.661814 -98.775932       0.268147\n",
      "183757  30.638416 -98.029045       0.223488\n",
      "181348  29.661814 -99.149376       0.231031\n",
      "181350  29.661814 -98.402489       0.263066\n",
      "2017-04-05 0.1923907698300671 Station Number: 1\n",
      "Data points used for interpolation:\n",
      "         Latitude  Longitude  Soil_Moisture\n",
      "183755  30.638416 -98.775932       0.168130\n",
      "183754  30.638416 -99.149376       0.142225\n",
      "183756  30.638416 -98.402489       0.188973\n",
      "183753  30.638416 -99.522820       0.171882\n",
      "181349  29.661814 -98.775932       0.268147\n",
      "183757  30.638416 -98.029045       0.223488\n",
      "181348  29.661814 -99.149376       0.231031\n",
      "185359  31.294872 -98.775932       0.183183\n",
      "2017-04-05 0.18473670836687883 Station Number: 2\n",
      "Data points used for interpolation:\n",
      "         Latitude  Longitude  Soil_Moisture\n",
      "183755  30.638416 -98.775932       0.168130\n",
      "183754  30.638416 -99.149376       0.142225\n",
      "183756  30.638416 -98.402489       0.188973\n",
      "183753  30.638416 -99.522820       0.171882\n",
      "184555  30.966091 -99.522820       0.222739\n",
      "181349  29.661814 -98.775932       0.268147\n",
      "181348  29.661814 -99.149376       0.231031\n",
      "185359  31.294872 -98.775932       0.183183\n",
      "2017-04-05 0.18281040912936009 Station Number: 3\n",
      "Data points used for interpolation:\n",
      "         Latitude  Longitude  Soil_Moisture\n",
      "183755  30.638416 -98.775932       0.168130\n",
      "183756  30.638416 -98.402489       0.188973\n",
      "181349  29.661814 -98.775932       0.268147\n",
      "183754  30.638416 -99.149376       0.142225\n",
      "181350  29.661814 -98.402489       0.263066\n",
      "181348  29.661814 -99.149376       0.231031\n",
      "183757  30.638416 -98.029045       0.223488\n",
      "181351  29.661814 -98.029045       0.209520\n",
      "2017-04-05 0.20722392710332474 Station Number: 4\n",
      "Data points used for interpolation:\n",
      "         Latitude  Longitude  Soil_Moisture\n",
      "183755  30.638416 -98.775932       0.168130\n",
      "183756  30.638416 -98.402489       0.188973\n",
      "183754  30.638416 -99.149376       0.142225\n",
      "181349  29.661814 -98.775932       0.268147\n",
      "181350  29.661814 -98.402489       0.263066\n",
      "181348  29.661814 -99.149376       0.231031\n",
      "183757  30.638416 -98.029045       0.223488\n",
      "183753  30.638416 -99.522820       0.171882\n",
      "2017-04-05 0.2020805827810005 Station Number: 5\n",
      "./complete_satellite_data/ucar_cu_cygnss_sm_v1_2017_103.dap.nc4\n",
      "Data points used for interpolation:\n",
      "         Latitude  Longitude  Soil_Moisture\n",
      "183755  30.638416 -98.775932       0.194067\n",
      "183756  30.638416 -98.402489       0.173473\n",
      "183754  30.638416 -99.149376       0.174591\n",
      "184558  30.966091 -98.402489       0.211495\n",
      "183757  30.638416 -98.029045       0.217074\n",
      "184559  30.966091 -98.029045       0.232489\n",
      "182951  30.311827 -99.522820       0.197561\n",
      "181351  29.661814 -98.029045       0.248876\n",
      "2017-04-13 0.19922800983209077 Station Number: 0\n",
      "Data points used for interpolation:\n",
      "         Latitude  Longitude  Soil_Moisture\n",
      "183755  30.638416 -98.775932       0.194067\n",
      "183754  30.638416 -99.149376       0.174591\n",
      "183756  30.638416 -98.402489       0.173473\n",
      "184558  30.966091 -98.402489       0.211495\n",
      "182951  30.311827 -99.522820       0.197561\n",
      "183753  30.638416 -99.522820       0.151730\n",
      "183757  30.638416 -98.029045       0.217074\n",
      "184559  30.966091 -98.029045       0.232489\n",
      "2017-04-13 0.19090046736652042 Station Number: 1\n",
      "Data points used for interpolation:\n",
      "         Latitude  Longitude  Soil_Moisture\n",
      "183755  30.638416 -98.775932       0.194067\n",
      "183754  30.638416 -99.149376       0.174591\n",
      "183756  30.638416 -98.402489       0.173473\n",
      "184558  30.966091 -98.402489       0.211495\n",
      "182951  30.311827 -99.522820       0.197561\n",
      "183753  30.638416 -99.522820       0.151730\n",
      "183757  30.638416 -98.029045       0.217074\n",
      "184559  30.966091 -98.029045       0.232489\n",
      "2017-04-13 0.19046452723679186 Station Number: 2\n",
      "Data points used for interpolation:\n",
      "         Latitude  Longitude  Soil_Moisture\n",
      "183755  30.638416 -98.775932       0.194067\n",
      "183754  30.638416 -99.149376       0.174591\n",
      "183756  30.638416 -98.402489       0.173473\n",
      "182951  30.311827 -99.522820       0.197561\n",
